function out1 = EKFJac(p11,p12,p13,p21,p22,p23,p31,p32,p33,p41,p42,p43,q1,q2,q3,q4)
%EKFJAC
%    OUT1 = EKFJAC(P11,P12,P13,P21,P22,P23,P31,P32,P33,P41,P42,P43,Q1,Q2,Q3,Q4)

%    This function was generated by the Symbolic Math Toolbox version 8.2.
%    12-Feb-2020 23:43:11

t2 = q1.^2;
t3 = q2.^2;
t4 = q3.^2;
t5 = q4.^2;
t6 = t2+t3+t4+t5;
t7 = 1.0./t6.^2;
t8 = 1.0./t6;
t9 = q1.*q2.*q4.*t7.*4.0;
t10 = q4.*t8.*2.0;
t11 = q1.*q2.*q3.*t7.*4.0;
t12 = q3.*t8.*2.0;
t13 = q2.*t8.*2.0;
t14 = q1.*t8.*2.0;
t15 = q2.*q3.*q4.*t7.*4.0;
t16 = q1.*q3.*q4.*t7.*4.0;
t17 = q1.*t4.*t7.*2.0;
t18 = q1.*t5.*t7.*2.0;
t40 = q1.*t2.*t7.*2.0;
t41 = q1.*t3.*t7.*2.0;
t19 = t14+t17+t18-t40-t41;
t42 = q4.*t2.*t7.*4.0;
t20 = t10+t11-t42;
t21 = q3.*t2.*t7.*4.0;
t22 = q2.*t4.*t7.*2.0;
t23 = q2.*t5.*t7.*2.0;
t44 = q2.*t3.*t7.*2.0;
t45 = q2.*t2.*t7.*2.0;
t24 = t13+t22+t23-t44-t45;
t46 = q3.*t3.*t7.*4.0;
t25 = t9+t12-t46;
t26 = q4.*t3.*t7.*4.0;
t27 = -t10+t11+t26;
t28 = q3.*t2.*t7.*2.0;
t29 = q3.*t3.*t7.*2.0;
t47 = q3.*t4.*t7.*2.0;
t48 = q3.*t5.*t7.*2.0;
t30 = t12+t28+t29-t47-t48;
t49 = q2.*t4.*t7.*4.0;
t31 = t13+t16-t49;
t32 = q1.*t4.*t7.*4.0;
t33 = -t14+t15+t32;
t34 = q4.*t2.*t7.*2.0;
t35 = q4.*t3.*t7.*2.0;
t50 = q4.*t5.*t7.*2.0;
t51 = q4.*t4.*t7.*2.0;
t36 = t10+t34+t35-t50-t51;
t52 = q1.*t5.*t7.*4.0;
t37 = t14+t15-t52;
t38 = q2.*t5.*t7.*4.0;
t39 = -t13+t16+t38;
t43 = t9-t12+t21;
t53 = t14-t17+t18-t40+t41;
t54 = -t10+t11+t42;
t65 = q2.*t2.*t7.*4.0;
t55 = t13+t16-t65;
t56 = t13+t22-t23-t44+t45;
t57 = t9-t12+t46;
t66 = q1.*t3.*t7.*4.0;
t58 = t14+t15-t66;
t59 = t12-t28+t29-t47+t48;
t60 = -t13+t16+t49;
t67 = q4.*t4.*t7.*4.0;
t61 = t10+t11-t67;
t62 = t10+t34-t35-t50+t51;
t63 = -t14+t15+t52;
t68 = q3.*t5.*t7.*4.0;
t64 = t9+t12-t68;
t69 = t14+t17-t18-t40+t41;
t70 = t9+t12-t21;
t71 = -t13+t16+t65;
t72 = t13-t22+t23-t44+t45;
t73 = -t14+t15+t66;
t74 = t10+t11-t26;
t75 = t12+t28-t29-t47+t48;
t76 = t14+t15-t32;
t77 = -t10+t11+t67;
t78 = t10-t34+t35-t50+t51;
t79 = t13+t16-t38;
t80 = t9-t12+t68;
out1 = reshape([1.0,1.0,1.0,1.0,0.0,0.0,0.0,0.0,0.0,0.0,0.0,0.0,0.0,0.0,0.0,0.0,1.0,1.0,1.0,1.0,0.0,0.0,0.0,0.0,0.0,0.0,0.0,0.0,0.0,0.0,0.0,0.0,1.0,1.0,1.0,1.0,0.0,0.0,0.0,0.0,0.0,0.0,0.0,0.0,0.0,0.0,0.0,0.0,0.0,0.0,0.0,0.0,0.0,0.0,0.0,0.0,0.0,0.0,0.0,0.0,0.0,0.0,0.0,0.0,0.0,0.0,0.0,0.0,0.0,0.0,0.0,0.0,p11.*t19-p12.*t20-p13.*(t9+t21-q3.*t8.*2.0),p21.*t19-p22.*t20-p23.*t43,p31.*t19-p32.*t20-p33.*t43,p41.*t19-p42.*t20-p43.*t43,-p11.*t54+p12.*t53-p13.*t55,-p21.*t54+p22.*t53-p23.*t55,-p31.*t54+p32.*t53-p33.*t55,-p41.*t54+p42.*t53-p43.*t55,-p11.*t70+p13.*t69-p12.*t71,-p21.*t70+p23.*t69-p22.*t71,-p31.*t70+p33.*t69-p32.*t71,-p41.*t70+p43.*t69-p42.*t71,p11.*t24+p12.*t25-p13.*t27,p21.*t24+p22.*t25-p23.*t27,p31.*t24+p32.*t25-p33.*t27,p41.*t24+p42.*t25-p43.*t27,-p11.*t57-p12.*t56-p13.*t58,-p21.*t57-p22.*t56-p23.*t58,-p31.*t57-p32.*t56-p33.*t58,-p41.*t57-p42.*t56-p43.*t58,p11.*t74-p12.*t73-p13.*t72,p21.*t74-p22.*t73-p23.*t72,p31.*t74-p32.*t73-p33.*t72,p41.*t74-p42.*t73-p43.*t72,-p11.*t30+p12.*t31-p13.*t33,-p21.*t30+p22.*t31-p23.*t33,-p31.*t30+p32.*t31-p33.*t33,-p41.*t30+p42.*t31-p43.*t33,-p11.*t60+p12.*t59+p13.*t61,-p21.*t60+p22.*t59+p23.*t61,-p31.*t60+p32.*t59+p33.*t61,-p41.*t60+p42.*t59+p43.*t61,-p11.*t76-p13.*t75-p12.*t77,-p21.*t76-p23.*t75-p22.*t77,-p31.*t76-p33.*t75-p32.*t77,-p41.*t76-p43.*t75-p42.*t77,-p11.*t36-p12.*t37-p13.*t39,-p21.*t36-p22.*t37-p23.*t39,-p31.*t36-p32.*t37-p33.*t39,-p41.*t36-p42.*t37-p43.*t39,-p11.*t63-p12.*t62+p13.*t64,-p21.*t63-p22.*t62+p23.*t64,-p31.*t63-p32.*t62+p33.*t64,-p41.*t63-p42.*t62+p43.*t64,p11.*t79+p13.*t78-p12.*t80,p21.*t79+p23.*t78-p22.*t80,p31.*t79+p33.*t78-p32.*t80,p41.*t79+p43.*t78-p42.*t80],[12,10]);
